# ---------------------Tue Dec 30 03:08:24 CET 2014
1 1 2818.968788
2 1 2904.214261
3 1 2919.242255
4 1 2966.379739
8 1 3008.739243
16 1 3164.079449
1 2 1556.675138
2 2 2482.848836
3 2 2516.666099
4 2 2413.114383
8 2 2197.162214
16 2 2154.260558
1 3 1427.747598
2 3 1472.545964
3 3 1822.699918
4 3 1942.758359
8 3 1792.466722
16 3 1625.154736
1 4 1415.362724
2 4 1504.130151
3 4 1611.522148
16 4 1268.924807
1 5 1398.837345
2 5 1472.521020
3 5 1505.504544
4 5 1467.625529
8 5 1491.674342
16 5 1296.162251
1 6 1429.317373
2 6 1440.607108
3 6 1421.196764
4 6 1417.270390
8 6 1384.717999
16 6 1270.771588
1 7 1443.156732
2 7 1459.117900
3 7 1417.011655
4 7 1378.130917
8 7 1275.521286
16 7 1226.864846
1 8 1456.442466
2 8 1437.459954
3 8 1419.201029
4 8 1393.064027
16 8 1222.892999
1 9 1444.863224
2 9 1467.824424
3 9 1373.515969
4 9 1358.005295
8 9 1250.289698
16 9 1178.499852
1 10 1392.520418
2 10 1406.397056
3 10 1391.746051
4 10 1367.991130
8 10 1218.123869
16 10 1210.289110
# ---------------------Tue Dec 30 04:13:20 CET 2014
1 1 2892.770890
2 1 2798.545154
3 1 2837.577737
4 1 2949.191667
8 1 3050.778624
16 1 3096.896415
1 2 1539.593534
2 2 2476.270288
3 2 2477.878130
4 2 2452.268998
8 2 2213.274341
16 2 2215.591823
1 3 1415.148576
2 3 1439.647272
3 3 1916.099393
4 3 1991.952824
8 3 1883.172141
16 3 1655.956101
1 4 1422.749482
2 4 1451.533575
3 4 1581.902507
4 4 1504.053554
8 4 1569.997341
16 4 1297.326921
1 5 1440.610779
2 5 1435.339818
3 5 1459.409414
4 5 1484.061006
8 5 1538.829865
16 5 1277.025383
1 6 1424.711973
2 6 1454.496171
3 6 1423.989952
4 6 1399.504016
8 6 1406.016227
16 6 1278.705197
1 7 1393.269545
2 7 1429.718472
3 7 1432.067980
4 7 1381.836859
8 7 1234.113041
1 8 1376.690740
2 8 1439.575065
3 8 1383.273978
4 8 1376.590897
8 8 1319.382771
16 8 1229.846525
1 9 1433.868657
2 9 1479.300775
3 9 1401.896144
4 9 1356.540771
16 9 1210.688934
1 10 1422.878185
2 10 1429.458794
3 10 1400.161970
4 10 1386.849260
8 10 1316.395239
